STATEFP,COUNTYFP,TRACTCE,POPULATION,LATITUDE,LONGITUDE
51,001,090100,2941,+37.928224,-075.371042
51,001,090200,6156,+37.949278,-075.496086
51,001,090300,2335,+37.876477,-075.627092
51,001,090400,6234,+37.775832,-075.616493
51,001,090500,2849,+37.775138,-075.667208
51,001,090600,4401,+37.734024,-075.793103
51,001,090700,4907,+37.638642,-075.783110
51,001,090800,3336,+37.590935,-075.768180
51,001,980100,0,+37.969556,-075.291179
51,001,980200,5,+37.838676,-075.511890
51,001,990100,0,+37.595224,-075.541242
51,001,990200,0,+37.731332,-076.047814
51,003,010100,5190,+38.166697,-078.597100
51,003,010201,4664,+38.167012,-078.428647
51,003,010202,3077,+38.122152,-078.506041
51,003,010300,8098,+38.118587,-078.436220
51,003,010401,4331,+38.075959,-078.344312
51,003,010402,3314,+37.991094,-078.383346
51,003,010500,4543,+38.039150,-078.439272
51,003,010601,5817,+38.079393,-078.465926
51,003,010602,2697,+38.060750,-078.458577
51,003,010700,6145,+38.075820,-078.490107
51,003,010800,5325,+38.068009,-078.505347
51,003,010901,1900,+38.049207,-078.514712
51,003,010902,3191,+38.035397,-078.518432
51,003,010903,2613,+38.037263,-078.507845
51,003,011000,6292,+38.060839,-078.586792
51,003,011100,7024,+38.065447,-078.694546
51,003,011201,4092,+38.010055,-078.732341
51,003,011202,3413,+37.984358,-078.583758
51,003,011301,5390,+37.932830,-078.488096
51,003,011302,3765,+38.006108,-078.521553
51,003,011303,3738,+38.003313,-078.496680
51,003,011400,4351,+37.826608,-078.592379
51,005,070100,3959,+37.819756,-079.821324
51,005,080100,3362,+37.814748,-079.794686
51,005,080201,2842,+37.830411,-079.959107
51,005,080202,2629,+37.724442,-080.014647
51,005,080301,1905,+37.849131,-080.048652
51,005,080302,1553,+37.735296,-080.151245
51,007,930100,6913,+37.381948,-078.023750
51,007,930200,5777,+37.293495,-077.921148
51,009,010100,5288,+37.641422,-079.120116
51,009,010200,7238,+37.568385,-079.053133
51,009,010300,3477,+37.508768,-079.177881
51,009,010401,3375,+37.498145,-079.100566
51,009,010402,3033,+37.475060,-079.109930
51,009,010502,823,+37.413449,-079.121321
51,009,010503,2323,+37.436959,-079.130207
51,009,010504,4038,+37.445197,-079.104729
51,009,010600,2758,+37.452842,-079.067728
51,011,040100,6450,+37.351001,-078.847490
51,011,040200,4202,+37.429960,-078.888658
51,011,040300,4321,+37.305254,-078.760647
51,013,100100,4672,+38.895731,-077.156852
51,013,100200,6019,+38.903092,-077.141689
51,013,100300,6213,+38.916061,-077.129011
51,013,100400,3502,+38.910565,-077.107204
51,013,100500,4305,+38.900946,-077.112961
51,013,100600,3076,+38.894588,-077.109468
51,013,100700,5149,+38.892601,-077.119837
51,013,100800,1525,+38.894345,-077.127570
51,013,100900,4092,+38.886046,-077.132936
51,013,101000,3078,+38.888614,-077.140865
51,013,101100,5159,+38.885612,-077.152856
51,013,101200,3537,+38.873444,-077.139657
51,013,101300,6091,+38.874259,-077.122070
51,013,101401,1225,+38.882423,-077.117278
51,013,101402,2712,+38.884466,-077.112481
51,013,101403,5609,+38.881427,-077.110274
51,013,101404,4255,+38.882054,-077.105395
51,013,101500,7101,+38.892873,-077.094019
51,013,101601,1313,+38.899087,-077.080175
51,013,101602,1580,+38.894397,-077.083797
51,013,101603,3526,+38.896103,-077.076262
51,013,101701,4166,+38.889796,-077.081853
51,013,101702,4965,+38.892748,-077.073440
51,013,101703,2324,+38.889062,-077.074761
51,013,101801,2662,+38.885794,-077.092859
51,013,101802,6072,+38.887722,-077.086460
51,013,101803,3882,+38.879269,-077.087956
51,013,101900,2755,+38.879188,-077.097751
51,013,102001,2248,+38.875348,-077.110621
51,013,102002,1334,+38.878587,-077.105156
51,013,102003,4370,+38.872310,-077.107179
51,013,102100,2266,+38.863166,-077.125296
51,013,102200,7575,+38.856837,-077.118104
51,013,102301,1464,+38.866087,-077.105597
51,013,102302,3913,+38.860435,-077.104108
51,013,102400,3519,+38.870141,-077.088622
51,013,102500,4173,+38.865871,-077.082851
51,013,102600,3179,+38.856598,-077.094660
51,013,102701,3383,+38.855967,-077.102408
51,013,102702,1764,+38.850930,-077.098367
51,013,102801,6390,+38.852459,-077.111430
51,013,102802,1234,+38.845594,-077.104470
51,013,102901,2740,+38.840148,-077.100363
51,013,102902,4461,+38.840515,-077.092276
51,013,103000,3093,+38.832782,-077.089207
51,013,103100,5198,+38.850088,-077.085773
51,013,103200,5306,+38.860942,-077.082842
51,013,103300,2237,+38.862581,-077.074653
51,013,103401,646,+38.878795,-077.081669
51,013,103402,5231,+38.852874,-077.050812
51,013,103501,3456,+38.862913,-077.065034
51,013,103502,3350,+38.861248,-077.059103
51,013,103503,4109,+38.860355,-077.053688
51,013,103601,2458,+38.853820,-077.059524
51,013,103602,1210,+38.855611,-077.054327
51,013,103700,2416,+38.850885,-077.064079
51,013,103800,4333,+38.846690,-077.073659
51,013,980100,2,+38.876887,-077.067648
51,013,980200,4,+38.845799,-077.049771
51,015,070100,3968,+38.109318,-079.361600
51,015,070200,3754,+38.322864,-079.094371
51,015,070300,6088,+38.275897,-078.947547
51,015,070400,5307,+38.195886,-078.849025
51,015,070500,5240,+38.118106,-078.857964
51,015,070600,9218,+38.107657,-078.969977
51,015,070700,6689,+38.199546,-079.004643
51,015,070800,6266,+38.204550,-079.168577
51,015,070900,4936,+38.099020,-079.099407
51,015,071000,5939,+37.995330,-079.173715
51,015,071101,4630,+38.046893,-079.018923
51,015,071102,5735,+38.010853,-079.043810
51,015,071200,5980,+38.018237,-078.961970
51,017,920100,4731,+38.017866,-079.764614
51,019,030101,6639,+37.433235,-079.274312
51,019,030103,5219,+37.385062,-079.277831
51,019,030104,4374,+37.347965,-079.275806
51,019,030201,8061,+37.345933,-079.341222
51,019,030202,5592,+37.244585,-079.404804
51,019,030300,3739,+37.466411,-079.447497
51,019,030401,2905,+37.375743,-079.553860
51,019,030402,6790,+37.311560,-079.544795
51,019,030501,4075,+37.196173,-079.583776
51,019,030503,2410,+37.091517,-079.585313
51,019,030504,3018,+37.168164,-079.658936
51,019,030601,3502,+37.222048,-079.730208
51,019,030602,3668,+37.252136,-079.814212
51,019,030603,2685,+37.283394,-079.773830
51,019,030604,2688,+37.304928,-079.718812
51,019,030605,3311,+37.386701,-079.718963
51,021,040100,3901,+37.167536,-081.004178
51,021,040200,2923,+37.128290,-081.202969
51,023,040100,3498,+37.651592,-079.816653
51,023,040200,4294,+37.523937,-079.706261
51,023,040301,2954,+37.498102,-079.858550
51,023,040302,7567,+37.441804,-079.929692
51,023,040401,2201,+37.429040,-079.846277
51,023,040402,4898,+37.361664,-079.898607
51,023,040501,6330,+37.364322,-079.844234
51,023,040502,1406,+37.350058,-079.820147
51,025,930100,3663,+36.891363,-077.870306
51,025,930201,2321,+36.794669,-077.805713
51,025,930202,1715,+36.779782,-077.819858
51,025,930203,4378,+36.758244,-077.833936
51,025,930300,5357,+36.639842,-077.912951
51,027,010100,5163,+37.345696,-082.039189
51,027,010200,3137,+37.386866,-082.124769
51,027,010300,3286,+37.258090,-082.184192
51,027,010400,2344,+37.278443,-082.027556
51,027,010500,1516,+37.258058,-081.851562
51,027,010600,4623,+37.198657,-081.989433
51,027,010700,4029,+37.138022,-082.106169
51,029,930101,3945,+37.686637,-078.549890
51,029,930102,3077,+37.650500,-078.345079
51,029,930201,5669,+37.534675,-078.445271
51,029,930202,4455,+37.502645,-078.568718
51,031,020101,5864,+37.346584,-079.054237
51,031,020102,4727,+37.271537,-079.026655
51,031,020200,4979,+37.319252,-079.159996
51,031,020300,3857,+37.342450,-079.252894
51,031,020401,5304,+37.327688,-079.233044
51,031,020402,2915,+37.323803,-079.265247
51,031,020403,5425,+37.288215,-079.271710
51,031,020500,7163,+37.247018,-079.180733
51,031,020600,3913,+37.154517,-079.276079
51,031,020700,3452,+37.120069,-079.290913
51,031,020800,3413,+37.145072,-079.079497
51,031,020900,3830,+37.102098,-078.933307
51,033,030100,3966,+38.147177,-077.338853
51,033,030201,2565,+37.942257,-077.406203
51,033,030202,1915,+37.980891,-077.223825
51,033,030300,3170,+38.039940,-077.348405
51,033,030400,1899,+38.073936,-077.504146
51,033,030500,11752,+38.001961,-077.529854
51,033,030600,3278,+37.864693,-077.384793
51,035,080100,3695,+36.822171,-080.715295
51,035,080200,4962,+36.759171,-080.784099
51,035,080300,4925,+36.752516,-080.911246
51,035,080400,5322,+36.677324,-080.827250
51,035,080500,4767,+36.724499,-080.615874
51,035,080601,2017,+36.612101,-080.821608
51,035,080602,4354,+36.600055,-080.671292
51,036,600100,2726,+37.398971,-077.182344
51,036,600200,2338,+37.397154,-077.107937
51,036,600300,2192,+37.344347,-076.997061
51,037,930100,6032,+37.086326,-078.593137
51,037,930200,2888,+37.050143,-078.753414
51,037,930300,3666,+36.878771,-078.596375
51,041,100106,3010,+37.517095,-077.550147
51,041,100107,2240,+37.505834,-077.537412
51,041,100205,7278,+37.461823,-077.508597
51,041,100206,6231,+37.454967,-077.530542
51,041,100208,2584,+37.459961,-077.570507
51,041,100209,6269,+37.477368,-077.544813
51,041,100210,1637,+37.485117,-077.523800
51,041,100300,2457,+37.454692,-077.450584
51,041,100403,5509,+37.361326,-077.362710
51,041,100404,2384,+37.430267,-077.436068
51,041,100405,2352,+37.439104,-077.446674
51,041,100406,1272,+37.422521,-077.442450
51,041,100407,3299,+37.393636,-077.436085
51,041,100409,6369,+37.370737,-077.433246
51,041,100410,2188,+37.359449,-077.453376
51,041,100505,5040,+37.346310,-077.434110
51,041,100506,6599,+37.331141,-077.419877
51,041,100507,5834,+37.312605,-077.440619
51,041,100508,5041,+37.307188,-077.419436
51,041,100509,6578,+37.331730,-077.367588
51,041,100510,3242,+37.326454,-077.328459
51,041,100600,3893,+37.238997,-077.420733
51,041,100701,5674,+37.242871,-077.444632
51,041,100702,2011,+37.253482,-077.462192
51,041,100703,7369,+37.272595,-077.558698
51,041,100804,4498,+37.450018,-077.466323
51,041,100805,5053,+37.429659,-077.481448
51,041,100806,3909,+37.435317,-077.462788
51,041,100807,1510,+37.421494,-077.464419
51,041,100812,5807,+37.433491,-077.564601
51,041,100814,3524,+37.405744,-077.493109
51,041,100815,3970,+37.403592,-077.471499
51,041,100816,4636,+37.386170,-077.472530
51,041,100817,3530,+37.380867,-077.499312
51,041,100818,3770,+37.431289,-077.539902
51,041,100819,6273,+37.438781,-077.508793
51,041,100820,2580,+37.421750,-077.512127
51,041,100821,4673,+37.361448,-077.566169
51,041,100822,5084,+37.337327,-077.511212
51,041,100823,5075,+37.364458,-077.480763
51,041,100902,3804,+37.530500,-077.570843
51,041,100907,2694,+37.505593,-077.565617
51,041,100910,5351,+37.476089,-077.583579
51,041,100912,6268,+37.436522,-077.650825
51,041,100915,4084,+37.510977,-077.630969
51,041,100919,6332,+37.450412,-077.606823
51,041,100920,813,+37.514826,-077.602083
51,041,100921,6365,+37.519741,-077.586658
51,041,100922,5164,+37.495305,-077.582540
51,041,100923,2782,+37.485949,-077.559984
51,041,100924,4354,+37.521594,-077.676903
51,041,100926,6063,+37.542842,-077.623379
51,041,100927,7324,+37.456561,-077.674271
51,041,100928,5077,+37.485131,-077.668172
51,041,100929,6206,+37.480809,-077.644363
51,041,100930,3508,+37.488262,-077.634620
51,041,100931,5383,+37.484581,-077.614842
51,041,100932,3508,+37.468650,-077.613170
51,041,100933,2720,+37.419855,-077.616384
51,041,100934,6316,+37.426690,-077.596238
51,041,100935,3720,+37.538507,-077.660429
51,041,100936,3873,+37.521515,-077.640130
51,041,101003,4515,+37.429247,-077.736964
51,041,101004,4727,+37.343921,-077.689701
51,041,101007,6264,+37.419454,-077.674372
51,041,101008,4146,+37.415283,-077.696790
51,041,101009,5841,+37.389772,-077.696264
51,041,101010,7077,+37.374919,-077.654210
51,041,101011,3200,+37.392952,-077.653780
51,041,101012,5216,+37.407073,-077.641454
51,041,101013,3289,+37.394471,-077.621978
51,043,010100,8318,+39.161915,-077.981875
51,043,010200,3055,+39.085369,-078.059900
51,043,010300,2661,+39.079824,-077.925077
51,045,050100,5190,+37.476038,-080.174522
51,047,930101,4043,+38.527924,-078.009318
51,047,930102,8301,+38.626014,-077.952669
51,047,930201,7174,+38.476399,-078.018506
51,047,930202,5820,+38.509065,-078.096688
51,047,930300,6532,+38.487274,-077.982273
51,047,930400,4787,+38.457461,-077.870098
51,047,930501,5227,+38.404613,-078.053970
51,047,930502,4805,+38.448011,-078.002943
51,049,930100,6516,+37.529158,-078.206802
51,049,930200,3536,+37.398652,-078.350210
51,051,040100,4459,+37.201225,-082.296098
51,051,040200,2895,+37.180399,-082.461288
51,051,040300,5393,+37.127700,-082.433347
51,051,040400,3156,+37.047553,-082.329195
51,053,840100,5720,+37.033548,-077.704172
51,053,840200,4309,+37.196632,-077.606387
51,053,840300,6476,+37.209437,-077.484913
51,053,840400,1079,+37.212600,-077.459828
51,053,840500,3578,+37.162189,-077.472658
51,053,840600,6839,+37.084452,-077.544765
51,053,980100,0,+37.054014,-077.880389
51,057,950600,3865,+37.969816,-076.999794
51,057,950700,4161,+37.916255,-076.876600
51,057,950800,3125,+37.832231,-076.827496
51,059,415100,3411,+38.778484,-077.069797
51,059,415200,3107,+38.774108,-077.056931
51,059,415300,3763,+38.766586,-077.071165
51,059,415401,5135,+38.756994,-077.077912
51,059,415402,2691,+38.750201,-077.072250
51,059,415500,5806,+38.738860,-077.071522
51,059,415600,2640,+38.748619,-077.052410
51,059,415700,3821,+38.723778,-077.052585
51,059,415800,4752,+38.723823,-077.068261
51,059,415900,3160,+38.725066,-077.089160
51,059,416000,5522,+38.725225,-077.105491
51,059,416100,3734,+38.708475,-077.112284
51,059,416200,5280,+38.696962,-077.135475
51,059,416300,2005,+38.657766,-077.187118
51,059,420100,4158,+38.784206,-077.167683
51,059,420201,3672,+38.786570,-077.146322
51,059,420202,1941,+38.792240,-077.140014
51,059,420203,2637,+38.790971,-077.127906
51,059,420300,5814,+38.796018,-077.103407
51,059,420400,2958,+38.793905,-077.065278
51,059,420501,1578,+38.789252,-077.070814
51,059,420502,1700,+38.790906,-077.068718
51,059,420503,2506,+38.789844,-077.074423
51,059,420600,4334,+38.786542,-077.081894
51,059,420700,4095,+38.785774,-077.105850
51,059,420800,3661,+38.779154,-077.096511
51,059,421001,2663,+38.773042,-077.156152
51,059,421002,4947,+38.766319,-077.172547
51,059,421101,5683,+38.752697,-077.170244
51,059,421102,3296,+38.756666,-077.155687
51,059,421103,5261,+38.737919,-077.170637
51,059,421200,1926,+38.749221,-077.134619
51,059,421300,3690,+38.764451,-077.104158
51,059,421400,7158,+38.766301,-077.088980
51,059,421500,7001,+38.746858,-077.090170
51,059,421600,6342,+38.740108,-077.097693
51,059,421701,4546,+38.732169,-077.108864
51,059,421702,4054,+38.739329,-077.113124
51,059,421800,5862,+38.723558,-077.125754
51,059,421900,2216,+38.720647,-077.141535
51,059,422000,3439,+38.714584,-077.195072
51,059,422101,6674,+38.710534,-077.208797
51,059,422102,6101,+38.697912,-077.215145
51,059,422201,3394,+38.717691,-077.231527
51,059,422202,5518,+38.703784,-077.229679
51,059,422301,3085,+38.779963,-077.128008
51,059,422302,5572,+38.770915,-077.146444
51,059,422401,2475,+38.762169,-077.145464
51,059,422402,4805,+38.763308,-077.135632
51,059,422403,2695,+38.768212,-077.124747
51,059,430101,4569,+38.810456,-077.317302
51,059,430102,2939,+38.802699,-077.302481
51,059,430201,4176,+38.806852,-077.295893
51,059,430202,5048,+38.816489,-077.285782
51,059,430203,2691,+38.819247,-077.299896
51,059,430400,6799,+38.803851,-077.235638
51,059,430500,1690,+38.796000,-077.209287
51,059,430600,7048,+38.788550,-077.189473
51,059,430700,2729,+38.785959,-077.199977
51,059,430801,4452,+38.783201,-077.223657
51,059,430802,4197,+38.791057,-077.230485
51,059,430901,4203,+38.783548,-077.244494
51,059,430902,3399,+38.790339,-077.259567
51,059,431001,4914,+38.781327,-077.266678
51,059,431002,2192,+38.776776,-077.255104
51,059,431300,4234,+38.766504,-077.245500
51,059,431400,4283,+38.767850,-077.230151
51,059,431500,5325,+38.767923,-077.217528
51,059,431600,8219,+38.767899,-077.195626
51,059,431801,4061,+38.801350,-077.275902
51,059,431802,3216,+38.809397,-077.269621
51,059,431900,3187,+38.799435,-077.257629
51,059,432000,3430,+38.795548,-077.318549
51,059,432100,3518,+38.789779,-077.307889
51,059,432201,2536,+38.791929,-077.298574
51,059,432202,4535,+38.791061,-077.286386
51,059,432300,4997,+38.781372,-077.290272
51,059,432401,3539,+38.767032,-077.278568
51,059,432402,4932,+38.764699,-077.266559
51,059,432500,5417,+38.755906,-077.251965
51,059,432600,4783,+38.747827,-077.233437
51,059,432701,3210,+38.747972,-077.219062
51,059,432702,4325,+38.733356,-077.214112
51,059,432800,2241,+38.730698,-077.206049
51,059,440100,7135,+38.850754,-077.260512
51,059,440201,2233,+38.871483,-077.223374
51,059,440202,5815,+38.857170,-077.233063
51,059,440300,2665,+38.844234,-077.230017
51,059,440501,4942,+38.828024,-077.274563
51,059,440502,7906,+38.832664,-077.304513
51,059,440600,2846,+38.840606,-077.329320
51,059,440701,2901,+38.814543,-077.254858
51,059,440702,5151,+38.821767,-077.244585
51,059,440800,5874,+38.830339,-077.247543
51,059,450100,5442,+38.872295,-077.206306
51,059,450200,4608,+38.869982,-077.193962
51,059,450300,4806,+38.874073,-077.174981
51,059,450400,2631,+38.862627,-077.169864
51,059,450500,3016,+38.863898,-077.181555
51,059,450601,4023,+38.856480,-077.204010
51,059,450602,4639,+38.863533,-077.198230
51,059,450701,2779,+38.844075,-077.214111
51,059,450702,4399,+38.835783,-077.202703
51,059,450800,3321,+38.840828,-077.194138
51,059,450900,1688,+38.852245,-077.185078
51,059,451000,2711,+38.842051,-077.182153
51,059,451100,2307,+38.841376,-077.160553
51,059,451200,1699,+38.850919,-077.162429
51,059,451300,2397,+38.862122,-077.154894
51,059,451400,3218,+38.871367,-077.147221
51,059,451501,6037,+38.864102,-077.143782
51,059,451502,4288,+38.851498,-077.123755
51,059,451601,6047,+38.851735,-077.139902
51,059,451602,2803,+38.855911,-077.147200
51,059,451800,3395,+38.833222,-077.145502
51,059,451900,6215,+38.824554,-077.153802
51,059,452000,2831,+38.832283,-077.175559
51,059,452101,4864,+38.822252,-077.180425
51,059,452102,3149,+38.821999,-077.196140
51,059,452200,6767,+38.824539,-077.207766
51,059,452301,3659,+38.829483,-077.214816
51,059,452302,4882,+38.822215,-077.218146
51,059,452400,7093,+38.804166,-077.196515
51,059,452501,3873,+38.809400,-077.170064
51,059,452502,5130,+38.815147,-077.148198
51,059,452600,6116,+38.802296,-077.153670
51,059,452700,5539,+38.843409,-077.135204
51,059,452801,5185,+38.843185,-077.122461
51,059,452802,2936,+38.842758,-077.115605
51,059,460100,4286,+38.947122,-077.271718
51,059,460200,3973,+38.925414,-077.286772
51,059,460300,2830,+38.919398,-077.272523
51,059,460400,4882,+38.924072,-077.250674
51,059,460501,2599,+38.909795,-077.236618
51,059,460502,6708,+38.901692,-077.226209
51,059,460600,3849,+38.888016,-077.234671
51,059,460701,3528,+38.885330,-077.251496
51,059,460702,4294,+38.892026,-077.263590
51,059,460800,3034,+38.901378,-077.251928
51,059,460900,2387,+38.912860,-077.259034
51,059,461000,2444,+38.902754,-077.275192
51,059,461100,7336,+38.896062,-077.289379
51,059,461201,4424,+38.888226,-077.316992
51,059,461202,4660,+38.857376,-077.341027
51,059,461500,6380,+38.881122,-077.280275
51,059,461601,6237,+38.874383,-077.262775
51,059,461602,3916,+38.879404,-077.226105
51,059,461700,6594,+38.868745,-077.259685
51,059,461801,1370,+38.875042,-077.290824
51,059,461802,5167,+38.873389,-077.303576
51,059,461901,3708,+38.868992,-077.281648
51,059,461902,1775,+38.866137,-077.305143
51,059,470100,2732,+38.953811,-077.169999
51,059,470300,3253,+38.926723,-077.139028
51,059,470400,4843,+38.933959,-077.156640
51,059,470500,5403,+38.943806,-077.182512
51,059,470600,2676,+38.934028,-077.192459
51,059,470700,5392,+38.921452,-077.170928
51,059,470800,2988,+38.920655,-077.185360
51,059,470900,7263,+38.906771,-077.167402
51,059,471000,2106,+38.900165,-077.185007
51,059,471100,6477,+38.911851,-077.200280
51,059,471201,3164,+38.915034,-077.214064
51,059,471202,4593,+38.924044,-077.204745
51,059,471301,3985,+38.903500,-077.209035
51,059,471303,3887,+38.898328,-077.207792
51,059,471304,1803,+38.890858,-077.204311
51,059,471401,3647,+38.882227,-077.196694
51,059,471402,3495,+38.878756,-077.210918
51,059,480100,4239,+39.010863,-077.271462
51,059,480201,4592,+38.944613,-077.216457
51,059,480202,2971,+38.928686,-077.228722
51,059,480203,2054,+38.928301,-077.233047
51,059,480300,7105,+38.959605,-077.255754
51,059,480401,4526,+38.989379,-077.309369
51,059,480402,5936,+39.015476,-077.331529
51,059,480501,3604,+38.998814,-077.363531
51,059,480502,5784,+38.993625,-077.385276
51,059,480503,3401,+38.982222,-077.366298
51,059,480504,2047,+38.983756,-077.352520
51,059,480505,3136,+38.973177,-077.357185
51,059,480801,5051,+38.978401,-077.388396
51,059,480802,3685,+38.974522,-077.372593
51,059,480901,6641,+38.970223,-077.401542
51,059,480902,3578,+38.963964,-077.388057
51,059,480903,4337,+38.957999,-077.392502
51,059,481000,5843,+38.964525,-077.409354
51,059,481101,1961,+38.950599,-077.398230
51,059,481102,3064,+38.948672,-077.399182
51,059,481103,3324,+38.946826,-077.405837
51,059,481104,2567,+38.944082,-077.410729
51,059,481105,5539,+38.936267,-077.396461
51,059,481106,5355,+38.924864,-077.384119
51,059,481201,1220,+38.946184,-077.385437
51,059,481202,6438,+38.940782,-077.370632
51,059,481400,6298,+38.929946,-077.350437
51,059,481500,2289,+38.917458,-077.349204
51,059,481600,3392,+38.900373,-077.336774
51,059,481701,6078,+38.893627,-077.363209
51,059,481702,4136,+38.871344,-077.358463
51,059,481900,5567,+38.962206,-077.319419
51,059,482001,4801,+38.981169,-077.331938
51,059,482002,3587,+38.977552,-077.343621
51,059,482100,3240,+38.968339,-077.337694
51,059,482201,2114,+38.960678,-077.345627
51,059,482202,3500,+38.961009,-077.349456
51,059,482203,3960,+38.960145,-077.362248
51,059,482301,4609,+38.941938,-077.347005
51,059,482302,4585,+38.936876,-077.354991
51,059,482303,3430,+38.934786,-077.331998
51,059,482400,2378,+38.939617,-077.307530
51,059,482501,7560,+38.949628,-077.419891
51,059,482502,3078,+38.912715,-077.413733
51,059,482503,4947,+38.922567,-077.407034
51,059,482504,5416,+38.907786,-077.394655
51,059,482601,7229,+38.896366,-077.413973
51,059,482602,6971,+38.883607,-077.384860
51,059,490101,5250,+38.862519,-077.442977
51,059,490103,5511,+38.883144,-077.460477
51,059,490501,3281,+38.836449,-077.415492
51,059,490502,6312,+38.837879,-077.375684
51,059,491000,1914,+38.842364,-077.492961
51,059,491101,3847,+38.849104,-077.478075
51,059,491102,3507,+38.856857,-077.464914
51,059,491103,6424,+38.845008,-077.457547
51,059,491201,6213,+38.843570,-077.447645
51,059,491202,1549,+38.843310,-077.433879
51,059,491301,6677,+38.822776,-077.454376
51,059,491302,3359,+38.830262,-077.445307
51,059,491303,3838,+38.834389,-077.442012
51,059,491401,4863,+38.831921,-077.425171
51,059,491402,4116,+38.824325,-077.431277
51,059,491403,3689,+38.821966,-077.419595
51,059,491404,3960,+38.813770,-077.438345
51,059,491405,2790,+38.810847,-077.426676
51,059,491501,7015,+38.845147,-077.416879
51,059,491502,7079,+38.860982,-077.417291
51,059,491601,4942,+38.884872,-077.429865
51,059,491602,5210,+38.882901,-077.417924
51,059,491701,3588,+38.862515,-077.374888
51,059,491702,6967,+38.866585,-077.373512
51,059,491703,4548,+38.854533,-077.352083
51,059,491704,4969,+38.852604,-077.364484
51,059,491705,3327,+38.845698,-077.393896
51,059,491801,2349,+38.857537,-077.400628
51,059,491802,2861,+38.863816,-077.392173
51,059,491803,6798,+38.875946,-077.397543
51,059,492000,6449,+38.807355,-077.344780
51,059,492100,6313,+38.760811,-077.320847
51,059,492201,2761,+38.724925,-077.299965
51,059,492202,6844,+38.739035,-077.266015
51,059,492203,4065,+38.722098,-077.265774
51,059,492300,3330,+38.738206,-077.239963
51,059,492400,4603,+38.728948,-077.235587
51,059,492500,4064,+38.785492,-077.392097
51,059,980100,10,+38.748016,-077.205488
51,059,980200,0,+38.932399,-077.439676
51,059,980300,4,+38.951180,-077.150176
51,061,930100,5551,+38.892564,-077.821153
51,061,930203,2702,+38.874635,-077.983764
51,061,930204,3367,+38.785914,-077.904065
51,061,930205,1678,+38.716038,-077.897446
51,061,930206,2133,+38.637408,-077.825975
51,061,930207,1660,+38.644982,-077.776931
51,061,930302,7449,+38.717895,-077.806858
51,061,930303,3613,+38.742543,-077.786358
51,061,930304,2221,+38.781761,-077.731262
51,061,930401,4567,+38.735318,-077.683273
51,061,930402,5714,+38.737042,-077.733171
51,061,930403,6715,+38.697485,-077.739848
51,061,930703,2521,+38.470910,-077.711308
51,061,930704,3799,+38.539545,-077.632093
51,061,930705,3652,+38.579754,-077.739247
51,061,930706,5602,+38.552384,-077.783552
51,061,930707,2259,+38.584138,-077.807609
51,063,920101,6177,+36.994673,-080.291762
51,063,920102,3753,+36.948098,-080.236582
51,063,920200,5349,+36.883060,-080.475788
51,065,020101,5571,+37.949204,-078.275144
51,065,020102,9341,+37.918391,-078.327249
51,065,020200,5468,+37.834205,-078.207614
51,065,020300,5311,+37.826578,-078.382350
51,067,020101,5194,+37.080890,-079.675402
51,067,020102,2508,+37.021366,-079.689100
51,067,020200,5529,+37.029794,-079.810753
51,067,020300,6127,+37.164938,-079.790675
51,067,020400,5448,+37.088782,-079.885130
51,067,020500,8135,+37.052944,-079.983995
51,067,020600,3774,+36.901903,-080.060540
51,067,020700,5914,+36.909500,-079.949973
51,067,020800,6566,+36.990187,-079.896294
51,067,020900,6964,+36.900236,-079.785116
51,069,050100,4089,+39.250851,-078.093567
51,069,050200,3880,+39.265816,-078.163434
51,069,050300,5999,+39.328893,-078.284635
51,069,050400,6748,+39.194644,-078.357814
51,069,050500,4959,+39.200069,-078.237907
51,069,050600,4439,+39.099955,-078.243029
51,069,050700,2740,+39.033733,-078.273647
51,069,050801,3886,+39.062556,-078.189405
51,069,050802,7274,+39.088057,-078.184805
51,069,050803,6921,+39.101835,-078.180200
51,069,050900,4357,+39.137634,-078.168113
51,069,051000,9391,+39.170399,-078.130634
51,069,051101,7105,+39.176139,-078.102992
51,069,051102,6517,+39.198965,-078.146499
51,071,930100,2176,+37.304919,-080.538346
51,071,930200,3856,+37.310908,-080.639550
51,071,930300,5568,+37.348450,-080.785074
51,071,930400,5686,+37.296809,-080.770926
51,073,100100,7565,+37.463913,-076.611162
51,073,100201,5809,+37.460754,-076.505113
51,073,100202,3658,+37.399644,-076.560980
51,073,100203,4095,+37.406067,-076.506102
51,073,100301,5546,+37.272371,-076.505960
51,073,100302,4984,+37.325213,-076.544732
51,073,100400,1344,+37.322510,-076.473531
51,073,100500,3857,+37.272291,-076.448851
51,075,400100,6228,+37.629234,-077.689705
51,075,400200,4264,+37.686767,-077.800920
51,075,400300,1406,+37.658392,-077.856833
51,075,400400,5556,+37.735785,-077.926209
51,075,400500,4263,+37.799452,-078.041706
51,077,060101,3095,+36.709701,-080.996837
51,077,060102,4157,+36.603094,-080.954261
51,077,060201,3004,+36.654439,-081.106671
51,077,060202,3158,+36.660183,-081.242545
51,077,060300,2119,+36.620440,-081.456119
51,079,030101,3865,+38.310191,-078.429192
51,079,030102,5393,+38.271476,-078.475995
51,079,030200,9145,+38.220656,-078.387510
51,081,880101,4320,+36.756671,-077.536511
51,081,880102,3276,+36.797002,-077.482480
51,081,880200,4647,+36.634771,-077.576783
51,083,930100,2969,+36.858760,-078.771159
51,083,930201,5164,+36.930356,-079.002820
51,083,930202,2516,+36.795999,-079.046257
51,083,930301,2576,+36.666899,-079.093146
51,083,930302,4637,+36.615280,-078.951021
51,083,930400,3796,+36.666529,-078.794066
51,083,930500,4099,+36.764157,-078.873205
51,083,930600,6193,+36.734719,-078.938315
51,083,930800,4291,+36.708828,-078.901601
51,085,320100,6367,+37.880068,-077.591946
51,085,320200,5891,+37.808947,-077.675158
51,085,320300,4061,+37.731080,-077.675552
51,085,320400,4428,+37.713901,-077.506692
51,085,320500,3001,+37.767697,-077.522995
51,085,320601,4243,+37.765960,-077.476162
51,085,320602,3098,+37.751787,-077.475843
51,085,320701,2834,+37.723843,-077.397699
51,085,320702,2999,+37.712632,-077.346273
51,085,320801,2577,+37.712665,-077.421262
51,085,320803,5281,+37.681042,-077.406363
51,085,320804,5058,+37.686280,-077.424231
51,085,320805,2938,+37.667895,-077.424174
51,085,320900,7561,+37.648217,-077.373043
51,085,321001,3461,+37.623805,-077.347473
51,085,321002,7520,+37.633330,-077.321179
51,085,321100,5504,+37.612367,-077.382384
51,085,321201,4555,+37.595086,-077.332548
51,085,321202,3915,+37.594915,-077.361433
51,085,321300,6336,+37.605296,-077.311704
51,085,321401,2103,+37.669999,-077.272118
51,085,321402,3270,+37.603099,-077.254788
51,085,321403,2862,+37.612870,-077.185027
51,087,200104,5186,+37.609729,-077.550248
51,087,200105,6130,+37.615403,-077.569812
51,087,200106,4516,+37.600926,-077.580271
51,087,200107,7854,+37.590417,-077.593047
51,087,200108,2688,+37.572302,-077.585881
51,087,200109,3636,+37.579928,-077.566051
51,087,200112,5181,+37.604809,-077.616638
51,087,200116,5689,+37.614530,-077.592577
51,087,200119,9108,+37.657155,-077.569078
51,087,200120,7805,+37.642257,-077.641181
51,087,200121,6839,+37.643966,-077.624380
51,087,200122,4379,+37.627147,-077.623816
51,087,200123,3032,+37.617810,-077.642300
51,087,200124,4457,+37.616533,-077.624914
51,087,200125,3897,+37.630492,-077.559451
51,087,200126,3627,+37.634493,-077.554821
51,087,200127,5419,+37.629326,-077.591471
51,087,200128,4531,+37.642235,-077.601684
51,087,200129,11764,+37.678942,-077.600424
51,087,200130,7140,+37.697617,-077.613728
51,087,200201,2645,+37.594226,-077.556893
51,087,200202,3914,+37.588018,-077.543400
51,087,200301,1250,+37.582072,-077.503159
51,087,200302,3115,+37.589877,-077.518298
51,087,200303,3639,+37.600124,-077.527685
51,087,200305,4136,+37.620891,-077.535092
51,087,200404,2959,+37.607201,-077.500599
51,087,200406,8986,+37.670009,-077.517875
51,087,200407,4791,+37.644896,-077.547949
51,087,200409,2397,+37.625692,-077.518281
51,087,200410,4713,+37.617085,-077.510174
51,087,200411,5435,+37.638249,-077.526649
51,087,200412,2130,+37.632945,-077.522848
51,087,200413,4566,+37.654996,-077.535607
51,087,200414,5815,+37.660414,-077.553622
51,087,200501,2154,+37.595769,-077.502324
51,087,200502,2061,+37.605929,-077.486264
51,087,200503,3769,+37.629322,-077.494042
51,087,200600,4839,+37.611357,-077.479109
51,087,200700,3586,+37.605577,-077.464161
51,087,200801,3167,+37.631597,-077.471458
51,087,200802,1924,+37.623417,-077.449654
51,087,200804,5759,+37.607264,-077.434700
51,087,200805,4091,+37.586868,-077.427870
51,087,200903,6706,+37.662938,-077.464741
51,087,200904,6057,+37.636737,-077.433929
51,087,200905,5046,+37.650249,-077.481077
51,087,200906,4300,+37.659085,-077.498466
51,087,201001,5847,+37.579303,-077.383884
51,087,201002,2929,+37.575251,-077.400569
51,087,201003,6020,+37.561277,-077.394955
51,087,201101,6920,+37.548458,-077.373391
51,087,201102,4277,+37.524098,-077.376638
51,087,201201,6503,+37.553415,-077.333670
51,087,201202,6091,+37.543476,-077.340090
51,087,201401,4942,+37.524845,-077.352114
51,087,201403,5816,+37.535273,-077.294609
51,087,201404,4288,+37.499014,-077.237050
51,087,201501,9872,+37.496418,-077.388872
51,087,201502,4725,+37.455860,-077.332916
51,087,201601,3151,+37.453311,-077.255620
51,087,201602,4916,+37.449995,-077.381184
51,087,201701,3810,+37.521799,-077.307370
51,087,980100,0,+37.504782,-077.320899
51,089,010100,3965,+36.715119,-079.921217
51,089,010200,5112,+36.727336,-079.903479
51,089,010300,5643,+36.703211,-079.815952
51,089,010400,3875,+36.711833,-079.729139
51,089,010500,4114,+36.606997,-079.773160
51,089,010601,2799,+36.629181,-079.873123
51,089,010602,4025,+36.595298,-079.855932
51,089,010700,3519,+36.600402,-079.952264
51,089,010800,2564,+36.673197,-079.932101
51,089,010900,2755,+36.653719,-079.990471
51,089,011000,5147,+36.713597,-080.028657
51,089,011100,2696,+36.749853,-079.963403
51,089,011200,3768,+36.759243,-080.043653
51,089,011300,4169,+36.781135,-079.921529
51,091,970100,2321,+38.386074,-079.568796
51,093,280101,4007,+37.027464,-076.664479
51,093,280103,6690,+36.947273,-076.531988
51,093,280104,4454,+36.986099,-076.594698
51,093,280105,4036,+36.965823,-076.628983
51,093,280106,2763,+36.962572,-076.592489
51,093,280200,3791,+36.926872,-076.675410
51,093,280300,5490,+36.832894,-076.745129
51,093,280400,4039,+36.748880,-076.845497
51,095,080101,5563,+37.240746,-076.671505
51,095,080102,4014,+37.215435,-076.613837
51,095,080202,5426,+37.256535,-076.750228
51,095,080203,3510,+37.241278,-076.727953
51,095,080205,3040,+37.297191,-076.738485
51,095,080206,9721,+37.294898,-076.772721
51,095,080301,8863,+37.329916,-076.779185
51,095,080303,7645,+37.250399,-076.776334
51,095,080304,5657,+37.251533,-076.815383
51,095,080401,6825,+37.411706,-076.798418
51,095,080402,6745,+37.366067,-076.783767
51,097,950400,3881,+37.813245,-077.022233
51,097,950500,3064,+37.554649,-076.728453
51,099,040100,4977,+38.339824,-077.058409
51,099,040200,4130,+38.296865,-077.125314
51,099,040300,7589,+38.297277,-077.256187
51,099,040400,3942,+38.257163,-077.199298
51,099,040500,2946,+38.231430,-077.102691
51,101,950101,4194,+37.738193,-077.177379
51,101,950102,5985,+37.790062,-077.154552
51,101,950200,2341,+37.636460,-076.959315
51,101,950300,3415,+37.551022,-076.804744
51,103,030100,3500,+37.747633,-076.522042
51,103,030200,4098,+37.713209,-076.403422
51,103,030300,3793,+37.653458,-076.395245
51,103,990100,0,+37.629769,-076.231623
51,105,950100,3438,+36.807412,-082.983098
51,105,950200,4214,+36.768057,-082.900984
51,105,950300,5532,+36.727946,-083.026746
51,105,950400,3309,+36.659666,-083.097353
51,105,950500,4914,+36.700392,-083.158689
51,105,950600,4180,+36.633916,-083.445562
51,107,610101,3843,+39.267397,-077.678571
51,107,610102,3740,+39.267872,-077.617388
51,107,610201,4268,+39.182816,-077.697951
51,107,610202,4276,+39.142676,-077.773854
51,107,610300,6642,+39.195206,-077.567842
51,107,610400,4447,+39.120752,-077.574713
51,107,610503,7104,+39.117907,-077.528355
51,107,610504,6850,+39.121249,-077.549438
51,107,610505,5887,+39.110212,-077.547372
51,107,610506,4581,+39.100872,-077.526408
51,107,610507,6305,+39.101218,-077.502600
51,107,610601,6930,+39.098596,-077.586488
51,107,610602,2161,+39.088949,-077.575864
51,107,610603,2700,+39.102758,-077.557816
51,107,610604,6547,+39.089848,-077.547992
51,107,610701,4662,+39.128859,-077.726085
51,107,610702,5705,+39.134123,-077.701183
51,107,610703,4748,+39.115599,-077.649111
51,107,610800,5940,+39.063413,-077.772653
51,107,610900,2292,+38.976861,-077.701360
51,107,611002,3869,+39.060708,-077.444813
51,107,611004,6892,+39.046810,-077.511755
51,107,611005,5389,+39.039180,-077.496037
51,107,611006,4997,+39.030862,-077.478089
51,107,611009,5410,+39.088539,-077.486918
51,107,611010,1617,+39.082005,-077.472556
51,107,611011,3450,+39.080180,-077.492388
51,107,611012,4313,+39.065036,-077.499450
51,107,611013,3956,+39.057124,-077.488804
51,107,611014,4397,+39.050296,-077.478979
51,107,611015,2170,+39.056306,-077.465455
51,107,611016,2305,+39.049477,-077.468497
51,107,611017,3148,+39.038934,-077.466353
51,107,611018,2228,+39.034072,-077.465893
51,107,611019,5593,+39.027711,-077.497320
51,107,611020,4832,+39.014561,-077.494086
51,107,611021,5051,+38.994056,-077.499104
51,107,611022,5872,+39.009128,-077.513734
51,107,611023,5746,+39.022431,-077.517035
51,107,611024,4456,+39.025465,-077.576675
51,107,611025,4767,+38.984054,-077.531481
51,107,611101,4329,+39.050193,-077.424164
51,107,611102,6053,+39.049303,-077.411531
51,107,611202,4744,+39.047633,-077.376505
51,107,611204,5503,+39.036757,-077.373964
51,107,611205,5774,+39.029005,-077.381455
51,107,611206,4226,+39.047634,-077.393583
51,107,611207,3979,+39.037875,-077.395043
51,107,611208,4253,+39.050621,-077.353039
51,107,611209,6503,+39.040174,-077.353035
51,107,611300,5913,+39.011935,-077.382809
51,107,611400,5273,+39.000754,-077.393835
51,107,611501,3164,+39.031581,-077.413405
51,107,611502,5702,+39.012448,-077.405319
51,107,611601,3995,+39.005645,-077.425139
51,107,611602,3850,+38.998778,-077.416892
51,107,611700,6329,+38.989615,-077.406156
51,107,611801,5571,+38.926714,-077.547655
51,107,611802,8426,+38.916137,-077.528487
51,107,611803,5775,+38.907143,-077.513327
51,107,611804,4954,+38.910187,-077.500014
51,107,611805,5110,+38.895750,-077.497050
51,107,611806,5935,+38.920801,-077.567248
51,107,611900,6862,+38.981668,-077.512060
51,107,980100,2,+38.974831,-077.436984
51,109,950100,7040,+37.962369,-077.832275
51,109,950201,4629,+38.022935,-078.012670
51,109,950202,3682,+38.034077,-077.896153
51,109,950300,8551,+38.060028,-078.153033
51,109,950400,2911,+37.943662,-078.073038
51,109,950500,6340,+37.842309,-077.816853
51,111,930100,5877,+36.997533,-078.170242
51,111,930200,4583,+36.984429,-078.329065
51,111,930300,2454,+36.877405,-078.117338
51,113,930100,7333,+38.356751,-078.193589
51,113,930200,5975,+38.406122,-078.286214
51,115,951300,4401,+37.486051,-076.349622
51,115,951400,4577,+37.403848,-076.336545
51,115,990100,0,+37.408982,-076.201491
51,117,930101,3143,+36.701388,-078.084269
51,117,930102,2933,+36.584904,-078.095244
51,117,930200,5979,+36.732860,-078.133489
51,117,930300,3276,+36.717889,-078.243829
51,117,930400,5562,+36.798703,-078.459973
51,117,930500,1886,+36.705267,-078.563027
51,117,930600,3613,+36.664210,-078.377929
51,117,930700,2478,+36.575088,-078.402996
51,117,930800,3857,+36.620304,-078.615433
51,119,950900,1600,+37.698639,-076.657799
51,119,951000,3906,+37.612138,-076.568728
51,119,951100,2880,+37.575956,-076.458197
51,119,951200,2573,+37.554180,-076.363941
51,119,990100,0,+37.561804,-076.222121
51,121,020100,8485,+37.225508,-080.421538
51,121,020201,5567,+37.215492,-080.448529
51,121,020202,2218,+37.191364,-080.419415
51,121,020300,6576,+37.242006,-080.437891
51,121,020400,7774,+37.246831,-080.421581
51,121,020500,5988,+37.250990,-080.404200
51,121,020600,5209,+37.230321,-080.399923
51,121,020700,5856,+37.211541,-080.399768
51,121,020800,6599,+37.143183,-080.395523
51,121,020900,5012,+37.130562,-080.369785
51,121,021000,4630,+37.118099,-080.419671
51,121,021100,7281,+37.151917,-080.428948
51,121,021200,6311,+37.192748,-080.502147
51,121,021300,3571,+37.252823,-080.331586
51,121,021400,5103,+37.176294,-080.244201
51,121,021500,8212,+37.077859,-080.461077
51,125,950100,5696,+37.721634,-078.819071
51,125,950200,4911,+37.939686,-078.850590
51,125,950300,4413,+37.779831,-078.963094
51,127,700100,5734,+37.532171,-077.159193
51,127,700200,4377,+37.512733,-077.094926
51,127,700300,8318,+37.465037,-076.922448
51,131,930100,4376,+37.513145,-075.854026
51,131,930200,3820,+37.392994,-075.923739
51,131,930300,4193,+37.257298,-075.978124
51,131,990100,0,+37.130331,-076.004986
51,133,020100,3903,+37.973556,-076.540943
51,133,020200,3135,+37.896453,-076.420392
51,133,020300,5292,+37.826568,-076.317356
51,133,990100,0,+37.745746,-076.248104
51,135,000100,6036,+37.096834,-077.983820
51,135,000200,2719,+37.159579,-078.071339
51,135,000300,7064,+37.180607,-078.155451
51,135,980100,34,+37.069581,-077.954579
51,137,110102,8822,+38.251504,-077.967489
51,137,110103,9781,+38.343954,-077.761195
51,137,110104,2968,+38.289232,-077.831314
51,137,110200,4934,+38.250722,-078.117422
51,137,110300,6976,+38.181484,-078.204616
51,139,030100,2582,+38.699406,-078.413410
51,139,030200,4177,+38.685203,-078.474264
51,139,030300,5005,+38.643163,-078.437338
51,139,030400,6321,+38.573426,-078.508013
51,139,030500,5957,+38.507028,-078.601066
51,141,030100,5060,+36.744083,-080.247770
51,141,030200,6202,+36.610151,-080.444566
51,141,030301,3056,+36.593822,-080.200080
51,141,030302,4172,+36.661650,-080.142201
51,143,010100,4315,+37.003570,-079.247068
51,143,010200,4487,+37.079428,-079.309824
51,143,010300,4193,+36.990283,-079.450970
51,143,010400,4054,+36.797823,-079.575645
51,143,010500,5115,+36.826396,-079.404689
51,143,010600,3034,+36.933056,-079.369381
51,143,010700,1833,+36.840554,-079.223559
51,143,010801,2510,+36.703729,-079.346499
51,143,010802,6369,+36.628537,-079.264418
51,143,010900,2984,+36.746246,-079.414501
51,143,011001,4539,+36.649149,-079.592150
51,143,011002,4661,+36.687908,-079.492383
51,143,011100,2929,+36.599169,-079.618459
51,143,011200,2318,+36.593969,-079.481419
51,143,011300,6182,+36.649356,-079.424561
51,143,011400,3983,+36.647198,-079.352191
51,145,500101,5905,+37.555936,-077.778609
51,145,500102,5519,+37.482100,-077.816896
51,145,500200,8844,+37.552143,-077.890149
51,145,500300,2773,+37.629090,-077.850331
51,145,500400,5005,+37.549762,-078.026640
51,147,930100,6679,+37.275170,-078.345945
51,147,930201,3666,+37.303655,-078.412858
51,147,930202,3571,+37.291797,-078.525185
51,147,930203,2399,+37.300149,-078.396348
51,147,930300,7053,+37.190947,-078.459911
51,149,850100,5083,+37.303034,-077.341460
51,149,850200,3460,+37.235032,-077.331759
51,149,850301,6623,+37.244702,-077.295502
51,149,850302,4130,+37.269824,-077.246584
51,149,850400,5182,+37.219619,-077.181764
51,149,850501,5984,+37.097418,-077.329694
51,149,850502,5263,+37.168306,-077.323278
51,153,900100,3107,+38.653452,-077.240638
51,153,900201,2050,+38.663455,-077.254483
51,153,900202,3764,+38.662987,-077.266172
51,153,900203,4273,+38.654985,-077.264482
51,153,900300,7656,+38.673997,-077.267919
51,153,900403,5108,+38.641101,-077.309871
51,153,900404,5345,+38.639624,-077.319560
51,153,900407,6115,+38.638296,-077.339601
51,153,900408,4279,+38.628731,-077.340188
51,153,900409,4634,+38.628287,-077.322340
51,153,900410,4659,+38.617252,-077.307311
51,153,900501,7251,+38.644839,-077.274028
51,153,900502,2047,+38.628670,-077.281179
51,153,900600,7386,+38.642911,-077.257792
51,153,900701,4976,+38.623570,-077.274493
51,153,900702,7355,+38.620587,-077.261092
51,153,900801,5385,+38.598134,-077.283325
51,153,900802,6612,+38.586454,-077.294611
51,153,900901,5631,+38.560017,-077.321778
51,153,900904,5177,+38.569182,-077.299991
51,153,900905,4964,+38.542534,-077.317835
51,153,901001,6228,+38.573992,-077.337730
51,153,901005,4363,+38.621276,-077.385119
51,153,901008,5956,+38.591408,-077.308716
51,153,901009,6829,+38.623504,-077.356697
51,153,901010,4158,+38.611081,-077.353887
51,153,901011,5456,+38.613938,-077.327790
51,153,901012,3127,+38.599779,-077.331662
51,153,901100,4932,+38.526663,-077.326805
51,153,901203,3800,+38.653204,-077.335513
51,153,901208,3418,+38.684489,-077.274871
51,153,901209,6179,+38.666265,-077.298966
51,153,901211,4376,+38.667062,-077.340113
51,153,901212,7184,+38.668223,-077.352574
51,153,901219,5519,+38.699020,-077.381105
51,153,901221,5080,+38.692173,-077.316815
51,153,901222,2604,+38.697537,-077.305103
51,153,901223,6265,+38.688911,-077.297746
51,153,901224,4212,+38.678138,-077.305552
51,153,901225,4525,+38.669219,-077.323040
51,153,901226,5493,+38.667778,-077.372130
51,153,901227,4988,+38.652864,-077.362028
51,153,901228,6036,+38.640018,-077.364311
51,153,901229,3888,+38.651268,-077.380638
51,153,901230,4296,+38.665037,-077.390340
51,153,901231,5593,+38.741099,-077.425827
51,153,901232,4417,+38.726789,-077.451220
51,153,901233,7077,+38.677573,-077.426230
51,153,901234,2774,+38.649328,-077.408319
51,153,901235,3052,+38.699562,-077.333138
51,153,901236,4102,+38.684700,-077.335708
51,153,901237,3076,+38.685207,-077.328133
51,153,901303,4585,+38.725870,-077.486300
51,153,901304,2451,+38.703112,-077.474033
51,153,901305,2999,+38.673948,-077.539005
51,153,901306,5211,+38.664746,-077.459885
51,153,901403,6438,+38.773891,-077.513712
51,153,901407,3727,+38.789994,-077.523727
51,153,901408,7291,+38.787557,-077.527245
51,153,901409,6135,+38.754379,-077.547896
51,153,901410,7472,+38.765017,-077.565417
51,153,901411,5491,+38.780960,-077.626228
51,153,901412,5768,+38.769603,-077.606212
51,153,901413,4100,+38.761261,-077.592917
51,153,901414,4809,+38.744014,-077.585368
51,153,901415,3853,+38.743532,-077.572853
51,153,901416,4659,+38.731727,-077.555300
51,153,901417,2222,+38.725925,-077.610004
51,153,901503,5781,+38.859849,-077.596394
51,153,901504,3460,+38.815517,-077.596940
51,153,901505,6860,+38.828085,-077.619714
51,153,901506,5261,+38.812913,-077.620359
51,153,901507,2564,+38.808101,-077.629990
51,153,901508,4218,+38.796633,-077.637506
51,153,901509,4888,+38.873259,-077.666795
51,153,901510,4908,+38.831854,-077.648110
51,153,901511,1851,+38.847685,-077.650786
51,153,901601,3552,+38.787543,-077.493065
51,153,901602,7539,+38.794728,-077.500256
51,153,901701,7943,+38.779259,-077.495206
51,153,901702,3806,+38.790474,-077.467973
51,153,901900,5383,+38.787468,-077.450637
51,153,980100,0,+38.592179,-077.472493
51,155,210100,6992,+37.155973,-080.610641
51,155,210201,4087,+37.057326,-080.760313
51,155,210202,3736,+37.100813,-080.744764
51,155,210300,4603,+37.065818,-080.792385
51,155,210400,5152,+37.018065,-080.769961
51,155,210500,2701,+37.008740,-080.644564
51,155,210600,4086,+37.083782,-080.661265
51,155,210700,3515,+37.107998,-080.681221
51,155,980100,0,+37.193748,-080.549828
51,155,980200,0,+37.104342,-080.650856
51,157,950100,2692,+38.762649,-078.157637
51,157,950200,4681,+38.651990,-078.105465
51,159,040100,5416,+37.956037,-076.763843
51,159,040200,3838,+37.938248,-076.646263
51,161,030100,3802,+37.354886,-080.108679
51,161,030201,4533,+37.323500,-080.012515
51,161,030203,3975,+37.345396,-079.936229
51,161,030204,6671,+37.331964,-079.950220
51,161,030205,3875,+37.346376,-079.974187
51,161,030300,7123,+37.289426,-080.121295
51,161,030500,4261,+37.252900,-080.113853
51,161,030600,7298,+37.199336,-080.064803
51,161,030701,6715,+37.231307,-080.031318
51,161,030702,5668,+37.240354,-080.012052
51,161,030801,5284,+37.232091,-079.992407
51,161,030802,4713,+37.212902,-080.002756
51,161,030900,5386,+37.199024,-079.967778
51,161,031000,3856,+37.231361,-079.902619
51,161,031101,4452,+37.271193,-079.887753
51,161,031102,3641,+37.282274,-079.888270
51,161,031201,4971,+37.280359,-079.862991
51,161,031202,6152,+37.324233,-079.888645
51,163,930100,7348,+37.835657,-079.329219
51,163,930200,4580,+37.898047,-079.435411
51,163,930300,6434,+37.743647,-079.509183
51,163,930400,3945,+37.634564,-079.471043
51,165,010100,3299,+38.402385,-078.601296
51,165,010200,3468,+38.410554,-078.610759
51,165,010300,4813,+38.413191,-078.690851
51,165,010400,2531,+38.549670,-078.731576
51,165,010500,2356,+38.474464,-078.806812
51,165,010600,3651,+38.518748,-078.852958
51,165,010700,3318,+38.593844,-078.854187
51,165,010800,6397,+38.611837,-078.778160
51,165,010900,2581,+38.654895,-078.791742
51,165,011000,3034,+38.683973,-078.930210
51,165,011100,3183,+38.493648,-078.979662
51,165,011200,4929,+38.435140,-079.047141
51,165,011400,5592,+38.434200,-078.926775
51,165,011500,5895,+38.384833,-078.967857
51,165,011600,2164,+38.366508,-078.954020
51,165,011700,3236,+38.383576,-078.880820
51,165,011800,7833,+38.372459,-078.832016
51,165,011900,3006,+38.385169,-078.759179
51,165,012000,5028,+38.277728,-078.802893
51,167,030100,4672,+37.060026,-081.932153
51,167,030200,5469,+36.940985,-082.120542
51,167,030300,4018,+36.833710,-082.297860
51,167,030401,5682,+36.885617,-082.082584
51,167,030402,3065,+36.975095,-081.885440
51,167,030500,2115,+37.015693,-081.999854
51,167,030600,3876,+36.879627,-082.247234
51,169,030100,3362,+36.642379,-082.598868
51,169,030200,4167,+36.673956,-082.809155
51,169,030300,3674,+36.770323,-082.641915
51,169,030400,3922,+36.749625,-082.487380
51,169,030500,4015,+36.659388,-082.443982
51,169,030600,4037,+36.614245,-082.578510
51,171,040100,9068,+38.996132,-078.361279
51,171,040201,2580,+38.811843,-078.759412
51,171,040202,3130,+38.974964,-078.509441
51,171,040300,3737,+38.937587,-078.457949
51,171,040400,2427,+38.845267,-078.452876
51,171,040500,8447,+38.876451,-078.529742
51,171,040600,3619,+38.827242,-078.588356
51,171,040700,4264,+38.752978,-078.658944
51,171,040800,4721,+38.660495,-078.673909
51,173,030100,3427,+36.894355,-081.520409
51,173,030200,4658,+36.888973,-081.743258
51,173,030301,3165,+36.829251,-081.585275
51,173,030302,3913,+36.847934,-081.519445
51,173,030400,2068,+36.853721,-081.372530
51,173,030500,2799,+36.804919,-081.443908
51,173,030600,3191,+36.812676,-081.521780
51,173,030701,4768,+36.798533,-081.655582
51,173,030702,4219,+36.744546,-081.606951
51,175,200100,4251,+36.846556,-076.943929
51,175,200200,2882,+36.701471,-077.248412
51,175,200300,1395,+36.728261,-077.247233
51,175,200400,6361,+36.694543,-076.998316
51,175,200500,3681,+36.602628,-077.135541
51,177,020104,4589,+38.287649,-077.626930
51,177,020105,2284,+38.344498,-077.671219
51,177,020106,5781,+38.309585,-077.571177
51,177,020107,1806,+38.273837,-077.504214
51,177,020108,4096,+38.280874,-077.525224
51,177,020109,3691,+38.283142,-077.543054
51,177,020110,3721,+38.275981,-077.558463
51,177,020111,2380,+38.283783,-077.580091
51,177,020112,2774,+38.276873,-077.587958
51,177,020113,4341,+38.263808,-077.614361
51,177,020114,5770,+38.264488,-077.572515
51,177,020201,5843,+38.254877,-077.428920
51,177,020202,4981,+38.260874,-077.481138
51,177,020203,4844,+38.236381,-077.458492
51,177,020204,3963,+38.233818,-077.485924
51,177,020205,4571,+38.203273,-077.470573
51,177,020304,4180,+38.258847,-077.526546
51,177,020305,3266,+38.240605,-077.516418
51,177,020306,5247,+38.218036,-077.522591
51,177,020307,3580,+38.256598,-077.543107
51,177,020308,3756,+38.249709,-077.556399
51,177,020309,5649,+38.232056,-077.538822
51,177,020310,4251,+38.215789,-077.575480
51,177,020311,5043,+38.160614,-077.574902
51,177,020403,3785,+38.093404,-077.623905
51,177,020404,3426,+38.069039,-077.707365
51,177,020405,3443,+38.147488,-077.851145
51,177,020406,3470,+38.171238,-077.706378
51,177,020407,5071,+38.252263,-077.716265
51,177,020408,2795,+38.303547,-077.724267
51,179,010103,3532,+38.455882,-077.395384
51,179,010105,6783,+38.431161,-077.391961
51,179,010106,2890,+38.381886,-077.370530
51,179,010107,3265,+38.457380,-077.362924
51,179,010108,5686,+38.482296,-077.375058
51,179,010201,1974,+38.503160,-077.437238
51,179,010202,5959,+38.496304,-077.536224
51,179,010204,8088,+38.438197,-077.467574
51,179,010205,6770,+38.467373,-077.486706
51,179,010206,5208,+38.480042,-077.449501
51,179,010207,7521,+38.484339,-077.402542
51,179,010210,6681,+38.436133,-077.418251
51,179,010211,4245,+38.459100,-077.416010
51,179,010212,4680,+38.465726,-077.427816
51,179,010213,2581,+38.457970,-077.444729
51,179,010214,3756,+38.466268,-077.447511
51,179,010301,3786,+38.443809,-077.588043
51,179,010303,8582,+38.359893,-077.543361
51,179,010304,5297,+38.353184,-077.489715
51,179,010305,5674,+38.377546,-077.507135
51,179,010403,2877,+38.348492,-077.430179
51,179,010404,5894,+38.334497,-077.451056
51,179,010405,6064,+38.320110,-077.426152
51,179,010406,3144,+38.305138,-077.432963
51,179,010502,4211,+38.290048,-077.423217
51,179,010503,2078,+38.329473,-077.375800
51,179,010504,1735,+38.289896,-077.373162
51,181,860100,3407,+37.156576,-076.827343
51,181,860200,3651,+37.083254,-076.904350
51,183,870100,2697,+36.869988,-077.435016
51,183,870201,3680,+36.976629,-077.242665
51,183,870202,1082,+37.041834,-077.210237
51,183,870300,2861,+37.034759,-077.094344
51,183,870400,1767,+36.974513,-076.987126
51,185,020100,3690,+37.286378,-081.372106
51,185,020200,5354,+37.250089,-081.286940
51,185,020300,6701,+37.146909,-081.581453
51,185,020400,4385,+37.102853,-081.751269
51,185,020500,3152,+37.091057,-081.845104
51,185,020600,4358,+37.037013,-081.691463
51,185,020700,2885,+37.112658,-081.471087
51,185,020800,2191,+37.205345,-081.398153
51,185,020900,2079,+37.106666,-081.821463
51,185,021000,4234,+37.079305,-081.795824
51,185,021100,6049,+37.171813,-081.404479
51,187,020100,7981,+38.943404,-078.080434
51,187,020200,2766,+38.988776,-078.197250
51,187,020300,6393,+38.929234,-078.256658
51,187,020400,4764,+38.924915,-078.201522
51,187,020500,4009,+38.922738,-078.189705
51,187,020601,5562,+38.929701,-078.162715
51,187,020602,2886,+38.883252,-078.160627
51,187,020700,3214,+38.849082,-078.254461
51,191,010100,6906,+36.648294,-082.083984
51,191,010200,5180,+36.636625,-082.205932
51,191,010300,6949,+36.754434,-082.072650
51,191,010401,2381,+36.677699,-082.011812
51,191,010402,3238,+36.714752,-082.019835
51,191,010501,3812,+36.722063,-081.966188
51,191,010502,4120,+36.713779,-081.955062
51,191,010601,4280,+36.724733,-081.891932
51,191,010602,2748,+36.770666,-081.852783
51,191,010700,4480,+36.806086,-081.780074
51,191,010800,3133,+36.697362,-081.744971
51,191,010900,4233,+36.660284,-081.837866
51,191,011000,3416,+36.632381,-081.965583
51,193,010100,5234,+38.070619,-076.649565
51,193,010200,3498,+38.116466,-076.800980
51,193,010300,2979,+38.172659,-076.975734
51,193,010400,5743,+38.247029,-076.979512
51,195,930700,3628,+37.113966,-082.575869
51,195,930800,2081,+37.084757,-082.639362
51,195,930900,4504,+36.989461,-082.577020
51,195,931000,2504,+36.972179,-082.644650
51,195,931100,2918,+36.912396,-082.796518
51,195,931200,6649,+36.860254,-082.772770
51,195,931300,3751,+36.873651,-082.726929
51,195,931400,5258,+36.975401,-082.552960
51,195,931500,5062,+36.938381,-082.488466
51,195,931600,3139,+36.941666,-082.441281
51,195,931700,1958,+36.927934,-082.341954
51,197,050100,5611,+36.963925,-081.000488
51,197,050200,6773,+36.956757,-081.132692
51,197,050301,4454,+36.914329,-081.204795
51,197,050302,3200,+36.849166,-081.201711
51,197,050401,4010,+36.890444,-081.017117
51,197,050402,5187,+36.890963,-080.886349
51,199,050203,6652,+37.105111,-076.442820
51,199,050204,5831,+37.098659,-076.421236
51,199,050205,4628,+37.125588,-076.436498
51,199,050206,6582,+37.110768,-076.411921
51,199,050303,5775,+37.164998,-076.456150
51,199,050304,5348,+37.155548,-076.436740
51,199,050305,3214,+37.124095,-076.469962
51,199,050306,4893,+37.177050,-076.485051
51,199,050401,3300,+37.203324,-076.469915
51,199,050402,3527,+37.189779,-076.432087
51,199,050500,2960,+37.226979,-076.530717
51,199,050900,2165,+37.242173,-076.627321
51,199,051000,3610,+37.329953,-076.712052
51,199,051100,6979,+37.274512,-076.665918
51,199,990100,0,+37.232099,-076.256912
51,510,200102,4429,+38.832206,-077.127174
51,510,200103,7151,+38.820960,-077.134507
51,510,200104,3963,+38.826935,-077.124770
51,510,200105,3777,+38.833076,-077.113589
51,510,200106,3176,+38.837049,-077.112252
51,510,200107,5766,+38.836454,-077.105229
51,510,200201,3571,+38.828820,-077.100466
51,510,200202,1572,+38.815738,-077.096094
51,510,200301,3103,+38.826504,-077.115425
51,510,200302,4222,+38.820548,-077.120693
51,510,200303,4720,+38.815123,-077.124708
51,510,200403,1364,+38.801903,-077.122039
51,510,200404,3468,+38.808341,-077.120460
51,510,200405,6744,+38.809462,-077.130730
51,510,200406,4482,+38.811073,-077.136506
51,510,200407,3948,+38.809448,-077.141474
51,510,200500,4272,+38.815536,-077.107287
51,510,200600,4490,+38.809777,-077.102760
51,510,200701,653,+38.803678,-077.080867
51,510,200702,3910,+38.801685,-077.065871
51,510,200703,2769,+38.799279,-077.051720
51,510,200801,2553,+38.815306,-077.078992
51,510,200802,2909,+38.809400,-077.078524
51,510,200900,4693,+38.826735,-077.076635
51,510,201000,2797,+38.837779,-077.080442
51,510,201100,2871,+38.837112,-077.072915
51,510,201202,3049,+38.832744,-077.062802
51,510,201203,7165,+38.840999,-077.064815
51,510,201204,2844,+38.834408,-077.055967
51,510,201300,3105,+38.824383,-077.054931
51,510,201400,4199,+38.821276,-077.061655
51,510,201500,3602,+38.813134,-077.063631
51,510,201600,4893,+38.811824,-077.051501
51,510,201801,5606,+38.819216,-077.044500
51,510,201802,1992,+38.808160,-077.043163
51,510,201900,1679,+38.804927,-077.051040
51,510,202001,2167,+38.800434,-077.044203
51,510,202002,2292,+38.794794,-077.044100
51,515,050100,6222,+37.337281,-079.520701
51,520,020100,3853,+36.604127,-082.204966
51,520,020200,5331,+36.607415,-082.179863
51,520,020300,2864,+36.602389,-082.162040
51,520,020400,5787,+36.621533,-082.140062
51,530,930600,6650,+37.734133,-079.352493
51,540,000201,2791,+38.042069,-078.491334
51,540,000202,5617,+38.036637,-078.496863
51,540,000302,2461,+38.029538,-078.464070
51,540,000401,3324,+38.022482,-078.486420
51,540,000402,3983,+38.019956,-078.474672
51,540,000501,3305,+38.025588,-078.496034
51,540,000502,4675,+38.018928,-078.509142
51,540,000600,4351,+38.028519,-078.511254
51,540,000700,4278,+38.045920,-078.499790
51,540,000800,3642,+38.061045,-078.482049
51,540,000900,2265,+38.042826,-078.463092
51,540,001000,2783,+38.034259,-078.477881
51,550,020001,1530,+36.829546,-076.230647
51,550,020002,4607,+36.822648,-076.248439
51,550,020003,5634,+36.814230,-076.230527
51,550,020100,4532,+36.812092,-076.252354
51,550,020200,4121,+36.812738,-076.263914
51,550,020300,1695,+36.818633,-076.276765
51,550,020400,2973,+36.810465,-076.274360
51,550,020500,1429,+36.793642,-076.281002
51,550,020600,4053,+36.792955,-076.273726
51,550,020700,5318,+36.785672,-076.264141
51,550,020804,6814,+36.748524,-076.202619
51,550,020805,5373,+36.753081,-076.239152
51,550,020806,6839,+36.777488,-076.217961
51,550,020807,7456,+36.758094,-076.216291
51,550,020808,3751,+36.797357,-076.249644
51,550,020809,4894,+36.801866,-076.226903
51,550,020903,2795,+36.765006,-076.281757
51,550,020904,8638,+36.742298,-076.269543
51,550,020905,2701,+36.773727,-076.264779
51,550,020906,7081,+36.750873,-076.253035
51,550,021004,5608,+36.686650,-076.242534
51,550,021005,5482,+36.719092,-076.269313
51,550,021006,7933,+36.700555,-076.280269
51,550,021009,4262,+36.674353,-076.211545
51,550,021010,5665,+36.706925,-076.257351
51,550,021011,3483,+36.696309,-076.257532
51,550,021012,6109,+36.696188,-076.217338
51,550,021013,4670,+36.693968,-076.196724
51,550,021101,5079,+36.709347,-076.205569
51,550,021102,7898,+36.658830,-076.162846
51,550,021200,5730,+36.615485,-076.280809
51,550,021301,5396,+36.742475,-076.368786
51,550,021302,9658,+36.731723,-076.328480
51,550,021401,2028,+36.756036,-076.353978
51,550,021402,6317,+36.763793,-076.329221
51,550,021403,4890,+36.779141,-076.328565
51,550,021404,7671,+36.783606,-076.352431
51,550,021501,10150,+36.799481,-076.416220
51,550,021502,7173,+36.825818,-076.417321
51,550,021601,8183,+36.845288,-076.405238
51,550,021602,6590,+36.857299,-076.417965
51,570,830100,4811,+37.275429,-077.380381
51,570,830200,3525,+37.270456,-077.402792
51,570,830300,2485,+37.273980,-077.420019
51,570,830400,2629,+37.247686,-077.413011
51,570,830500,3961,+37.249353,-077.404659
51,580,060100,3098,+37.792050,-079.986078
51,580,060200,2863,+37.769619,-079.992870
51,590,000100,5703,+36.629102,-079.392681
51,590,000200,3814,+36.609338,-079.405059
51,590,000300,3506,+36.605351,-079.390447
51,590,000400,3767,+36.605233,-079.377614
51,590,000500,1637,+36.583358,-079.391138
51,590,000600,2349,+36.582692,-079.400725
51,590,000700,3341,+36.577492,-079.414603
51,590,000800,2690,+36.587906,-079.440136
51,590,000900,3771,+36.559183,-079.455644
51,590,001000,3703,+36.564791,-079.416465
51,590,001100,1401,+36.567094,-079.395874
51,590,001200,1766,+36.551764,-079.414198
51,590,001301,1296,+36.585923,-079.339419
51,590,001302,1077,+36.588218,-079.368504
51,590,001400,3232,+36.599935,-079.475319
51,590,980100,2,+36.561172,-079.348543
51,595,890100,2939,+36.689780,-077.534565
51,595,890200,2988,+36.693868,-077.547937
51,600,300100,5129,+38.858259,-077.318942
51,600,300200,4775,+38.861379,-077.295767
51,600,300300,5470,+38.851058,-077.284360
51,600,300400,3715,+38.843963,-077.318051
51,600,300500,3476,+38.840249,-077.300043
51,610,500100,2909,+38.890145,-077.176740
51,610,500200,5426,+38.884270,-077.182842
51,610,500300,3997,+38.878200,-077.159771
51,620,090100,4770,+36.687101,-076.943157
51,620,090200,3812,+36.668159,-076.928213
51,630,000100,3018,+38.303626,-077.465874
51,630,000200,5209,+38.309461,-077.485650
51,630,000301,2647,+38.302500,-077.474541
51,630,000302,4424,+38.284809,-077.480017
51,630,000400,3143,+38.290874,-077.458980
51,630,000500,5845,+38.299335,-077.499763
51,640,070101,4487,+36.660822,-080.918210
51,640,070102,2555,+36.675087,-080.918630
51,650,010103,7108,+37.066941,-076.320102
51,650,010104,6536,+37.050454,-076.310969
51,650,010200,1343,+37.077471,-076.360073
51,650,010304,7638,+37.083892,-076.417859
51,650,010306,6355,+37.058482,-076.374199
51,650,010307,5339,+37.053791,-076.440294
51,650,010309,4479,+37.034679,-076.441501
51,650,010310,4310,+37.035500,-076.424518
51,650,010311,4421,+37.050002,-076.413335
51,650,010312,3374,+37.046377,-076.418889
51,650,010313,6673,+37.051304,-076.393993
51,650,010314,1852,+37.074452,-076.392435
51,650,010400,6628,+37.027859,-076.412374
51,650,010501,5805,+37.019429,-076.397026
51,650,010502,3214,+37.030730,-076.371767
51,650,010601,2729,+37.028157,-076.348395
51,650,010602,3091,+37.038688,-076.350225
51,650,010701,3634,+37.051148,-076.353001
51,650,010702,3730,+37.053824,-076.341420
51,650,010703,3176,+37.062861,-076.331744
51,650,010800,5317,+37.042124,-076.331675
51,650,010900,2092,+37.029078,-076.319275
51,650,011000,6109,+37.042651,-076.304863
51,650,011100,696,+37.006174,-076.307719
51,650,011200,2839,+37.032505,-076.305862
51,650,011300,2207,+37.020220,-076.320388
51,650,011400,2784,+37.023627,-076.336492
51,650,011500,4060,+37.004926,-076.367229
51,650,011600,2712,+37.012329,-076.355463
51,650,011800,4880,+37.017036,-076.364109
51,650,011900,3178,+37.010971,-076.381497
51,650,012000,3217,+37.001080,-076.387393
51,650,012100,5910,+37.065040,-076.293050
51,650,990100,0,+37.059852,-076.217762
51,660,000101,4345,+38.455324,-078.855263
51,660,000102,4671,+38.445387,-078.844309
51,660,000203,1696,+38.420675,-078.884821
51,660,000204,3542,+38.442531,-078.861345
51,660,000205,5087,+38.418711,-078.853859
51,660,000206,4699,+38.436420,-078.869875
51,660,000207,6931,+38.423723,-078.870926
51,660,000301,3124,+38.444196,-078.891377
51,660,000302,5898,+38.433583,-078.887509
51,660,000401,3106,+38.477507,-078.874838
51,660,000402,5815,+38.458728,-078.874390
51,670,820100,1555,+37.309004,-077.278227
51,670,820300,2711,+37.301614,-077.292639
51,670,820400,5317,+37.292325,-077.319706
51,670,820500,4891,+37.290734,-077.308519
51,670,820600,5674,+37.275716,-077.306057
51,670,820700,2443,+37.283215,-077.290381
51,670,980100,0,+37.292645,-077.272558
51,678,930500,7042,+37.784093,-079.442982
51,680,000100,4490,+37.447327,-079.190719
51,680,000201,6181,+37.436902,-079.219982
51,680,000202,6783,+37.412522,-079.209172
51,680,000203,1783,+37.398252,-079.182781
51,680,000300,3933,+37.420986,-079.176200
51,680,000400,3099,+37.429675,-079.155212
51,680,000500,367,+37.414689,-079.143374
51,680,000600,3220,+37.412337,-079.150436
51,680,000700,3483,+37.402653,-079.163671
51,680,000801,2115,+37.396492,-079.176370
51,680,000802,2870,+37.390334,-079.192557
51,680,000900,6140,+37.381150,-079.202137
51,680,001000,3070,+37.383463,-079.179450
51,680,001100,1752,+37.404757,-079.145614
51,680,001400,6970,+37.350879,-079.178095
51,680,001600,7097,+37.350011,-079.210107
51,680,001700,4871,+37.358074,-079.233983
51,680,001800,2003,+37.381816,-079.232687
51,680,001900,5341,+37.391627,-079.135722
51,683,910100,4213,+38.760238,-077.492339
51,683,910201,4566,+38.764366,-077.470723
51,683,910202,7678,+38.772479,-077.472891
51,683,910301,4429,+38.751205,-077.457077
51,683,910302,5598,+38.739033,-077.467171
51,683,910401,6324,+38.743680,-077.477821
51,683,910402,5013,+38.735737,-077.487024
51,685,920100,6248,+38.780673,-077.465285
51,685,920200,8025,+38.765495,-077.436132
51,690,000100,3518,+36.702520,-079.857953
51,690,000200,2247,+36.688204,-079.889738
51,690,000300,2501,+36.684705,-079.860945
51,690,000400,2648,+36.675651,-079.874987
51,690,000500,2907,+36.663372,-079.847945
51,700,030100,4468,+36.975530,-076.421229
51,700,030300,6217,+36.983798,-076.402056
51,700,030400,3764,+36.983480,-076.418256
51,700,030500,2071,+36.987994,-076.408889
51,700,030600,2560,+36.991593,-076.413706
51,700,030800,2286,+36.996175,-076.422751
51,700,030900,2138,+37.002274,-076.427884
51,700,031100,2739,+37.005871,-076.445400
51,700,031200,2170,+37.013016,-076.438743
51,700,031300,4312,+37.017090,-076.427128
51,700,031400,6276,+37.038699,-076.455699
51,700,031500,5843,+37.038763,-076.468925
51,700,031601,6211,+37.062067,-076.456079
51,700,031602,4452,+37.069291,-076.466670
51,700,031701,4224,+37.068940,-076.498694
51,700,031702,4754,+37.076041,-076.490906
51,700,031800,3960,+37.057961,-076.505049
51,700,031901,3734,+37.080044,-076.511491
51,700,031902,4016,+37.097825,-076.506560
51,700,032001,2850,+37.102492,-076.545886
51,700,032002,6155,+37.101474,-076.526621
51,700,032005,2731,+37.108483,-076.536533
51,700,032006,3890,+37.115837,-076.517414
51,700,032007,3598,+37.119149,-076.538087
51,700,032113,2756,+37.136674,-076.514571
51,700,032114,1742,+37.109715,-076.488669
51,700,032117,4358,+37.089439,-076.449225
51,700,032123,5680,+37.171062,-076.540685
51,700,032124,3874,+37.158083,-076.530896
51,700,032126,3436,+37.102364,-076.496193
51,700,032127,4169,+37.080715,-076.483462
51,700,032128,3302,+37.080179,-076.472237
51,700,032129,3027,+37.100162,-076.464588
51,700,032130,5262,+37.119305,-076.487633
51,700,032131,4783,+37.156727,-076.513468
51,700,032132,5536,+37.147239,-076.520324
51,700,032211,6312,+37.129233,-076.560638
51,700,032212,3941,+37.128550,-076.526717
51,700,032223,3144,+37.166050,-076.565657
51,700,032224,7130,+37.144372,-076.555754
51,700,032225,3752,+37.138210,-076.537975
51,700,032226,4037,+37.154446,-076.549186
51,700,032300,5720,+37.157775,-076.579186
51,700,032400,3339,+37.199267,-076.575692
51,710,000100,2356,+36.936839,-076.223494
51,710,000201,2742,+36.943925,-076.237641
51,710,000202,3869,+36.937544,-076.239409
51,710,000300,2985,+36.952313,-076.253404
51,710,000400,3241,+36.965759,-076.280349
51,710,000500,3181,+36.947784,-076.263612
51,710,000600,4327,+36.940459,-076.251781
51,710,000700,2864,+36.932707,-076.252574
51,710,000800,2075,+36.939471,-076.269301
51,710,000901,5472,+36.924324,-076.301441
51,710,000902,3541,+36.950053,-076.294764
51,710,001100,2593,+36.930302,-076.311648
51,710,001200,3490,+36.913994,-076.302307
51,710,001300,2378,+36.917718,-076.280476
51,710,001400,2470,+36.909540,-076.268751
51,710,001500,1995,+36.914157,-076.285318
51,710,001600,1678,+36.916716,-076.291650
51,710,001700,2246,+36.905108,-076.281530
51,710,002000,1320,+36.896274,-076.260869
51,710,002100,1414,+36.887773,-076.266290
51,710,002200,1905,+36.897933,-076.278919
51,710,002300,2028,+36.895942,-076.299998
51,710,002400,3461,+36.893562,-076.309321
51,710,002500,4748,+36.883380,-076.309875
51,710,002600,3835,+36.885797,-076.298394
51,710,002700,2900,+36.877142,-076.294236
51,710,002800,4151,+36.884262,-076.285977
51,710,002900,3973,+36.874972,-076.283494
51,710,003000,1934,+36.877193,-076.267421
51,710,003100,3116,+36.881630,-076.257591
51,710,003200,2642,+36.872777,-076.260808
51,710,003300,2651,+36.866765,-076.252800
51,710,003400,2068,+36.865568,-076.269056
51,710,003501,3419,+36.861297,-076.274947
51,710,003600,1357,+36.864092,-076.288850
51,710,003700,2166,+36.867923,-076.297418
51,710,003800,22065,+36.872357,-076.310344
51,710,004001,1037,+36.860144,-076.291922
51,710,004002,3097,+36.860457,-076.298612
51,710,004100,2029,+36.855867,-076.282776
51,710,004200,1744,+36.853341,-076.277140
51,710,004300,3499,+36.855092,-076.263423
51,710,004400,1460,+36.855012,-076.253720
51,710,004500,1374,+36.849858,-076.252859
51,710,004600,2193,+36.842759,-076.252355
51,710,004700,2768,+36.848086,-076.261288
51,710,004800,1402,+36.847498,-076.281267
51,710,004900,3930,+36.849237,-076.290176
51,710,005000,3271,+36.829958,-076.279574
51,710,005100,4522,+36.828219,-076.262899
51,710,005500,2855,+36.921173,-076.258996
51,710,005601,3996,+36.928599,-076.237714
51,710,005602,3397,+36.919542,-076.244485
51,710,005701,4663,+36.911159,-076.255545
51,710,005702,2602,+36.897531,-076.248597
51,710,005800,4591,+36.907699,-076.237634
51,710,005901,4678,+36.896318,-076.233820
51,710,005902,3907,+36.885374,-076.229375
51,710,005903,1623,+36.876357,-076.226666
51,710,006000,3578,+36.887167,-076.242818
51,710,006100,7740,+36.873448,-076.241489
51,710,006200,3305,+36.871061,-076.220624
51,710,006400,3277,+36.847923,-076.236265
51,710,006501,2692,+36.932228,-076.207501
51,710,006502,2579,+36.927999,-076.191068
51,710,006601,723,+36.921524,-076.230554
51,710,006602,2441,+36.922259,-076.221067
51,710,006603,2400,+36.921014,-076.210409
51,710,006604,1892,+36.921356,-076.196687
51,710,006605,2672,+36.913572,-076.203749
51,710,006606,4177,+36.911304,-076.227920
51,710,006607,3030,+36.896066,-076.218516
51,710,006800,1765,+36.860129,-076.189470
51,710,006901,3384,+36.854927,-076.197193
51,710,006902,2734,+36.837851,-076.200302
51,710,007001,1555,+36.859370,-076.220727
51,710,007002,3559,+36.848173,-076.218027
51,710,980100,0,+36.874717,-076.324133
51,710,980200,5,+36.858504,-076.244442
51,710,980300,1,+36.883488,-076.201566
51,710,990000,0,+36.982172,-076.206372
51,720,960100,3958,+36.938169,-082.624348
51,730,810100,2934,+37.233310,-077.377307
51,730,810300,2613,+37.221071,-077.427422
51,730,810400,1384,+37.222637,-077.420366
51,730,810500,4455,+37.208603,-077.427147
51,730,810600,1884,+37.214491,-077.414075
51,730,810700,2223,+37.216018,-077.404948
51,730,810900,3461,+37.209101,-077.381285
51,730,811000,4263,+37.201202,-077.398257
51,730,811100,2883,+37.185310,-077.381205
51,730,811200,3755,+37.199126,-077.357518
51,730,811300,2565,+37.225151,-077.396903
51,735,340100,3754,+37.144102,-076.398252
51,735,340200,5233,+37.126714,-076.386548
51,735,340300,3163,+37.124941,-076.352587
51,735,990100,0,+37.157082,-076.237106
51,740,210200,2355,+36.848879,-076.335950
51,740,210300,2288,+36.844768,-076.344541
51,740,210400,1490,+36.838329,-076.353181
51,740,210500,1924,+36.837187,-076.336764
51,740,210600,1692,+36.841729,-076.322828
51,740,210900,3266,+36.836774,-076.301498
51,740,211100,1693,+36.833339,-076.314545
51,740,211400,1326,+36.830736,-076.335168
51,740,211500,1803,+36.825968,-076.343616
51,740,211600,4141,+36.826443,-076.354677
51,740,211700,3070,+36.816610,-076.336338
51,740,211800,3873,+36.824560,-076.320518
51,740,211900,1688,+36.818178,-076.317041
51,740,212000,2078,+36.823240,-076.309541
51,740,212100,1366,+36.822040,-076.302025
51,740,212300,4743,+36.801117,-076.317949
51,740,212400,3289,+36.801924,-076.328501
51,740,212500,2142,+36.800062,-076.340329
51,740,212600,1141,+36.809669,-076.333814
51,740,212701,6069,+36.798853,-076.366123
51,740,212702,3438,+36.794118,-076.355535
51,740,212801,4616,+36.812847,-076.373322
51,740,212802,2765,+36.812679,-076.388755
51,740,212900,5392,+36.825060,-076.376727
51,740,213001,5814,+36.861836,-076.365687
51,740,213002,4179,+36.854736,-076.382273
51,740,213101,4844,+36.869959,-076.404285
51,740,213103,6649,+36.880867,-076.386602
51,740,213104,4253,+36.882368,-076.400214
51,740,213200,2070,+36.842233,-076.311025
51,740,980100,78,+36.813621,-076.309588
51,750,010101,4148,+37.134223,-080.553762
51,750,010102,5672,+37.135048,-080.543979
51,750,010200,6588,+37.119697,-080.574808
51,760,010200,3988,+37.590908,-077.460016
51,760,010300,1266,+37.589319,-077.442676
51,760,010401,2821,+37.588412,-077.452892
51,760,010402,3163,+37.578992,-077.450607
51,760,010500,1439,+37.580655,-077.438027
51,760,010600,1978,+37.572046,-077.439917
51,760,010700,2338,+37.574810,-077.430207
51,760,010800,4016,+37.575239,-077.420687
51,760,010900,2957,+37.565768,-077.418271
51,760,011000,1997,+37.563687,-077.431305
51,760,011100,2932,+37.563015,-077.445120
51,760,020100,1669,+37.554502,-077.416186
51,760,020200,3811,+37.547020,-077.402616
51,760,020300,1630,+37.541996,-077.408755
51,760,020400,5115,+37.547065,-077.419616
51,760,020500,3851,+37.532754,-077.422698
51,760,020600,1544,+37.533264,-077.416171
51,760,020700,1155,+37.536886,-077.411894
51,760,020800,1410,+37.528163,-077.412408
51,760,020900,2619,+37.532049,-077.403341
51,760,021000,1567,+37.520625,-077.395356
51,760,021100,1432,+37.517692,-077.402449
51,760,021200,1575,+37.511537,-077.399669
51,760,030100,2895,+37.553184,-077.436237
51,760,030200,2055,+37.547405,-077.439194
51,760,030500,4029,+37.542785,-077.442571
51,760,040200,3900,+37.555341,-077.452900
51,760,040300,4101,+37.547135,-077.450828
51,760,040400,4032,+37.551158,-077.457168
51,760,040500,3152,+37.557345,-077.466471
51,760,040600,1810,+37.561451,-077.474036
51,760,040700,2373,+37.562841,-077.480479
51,760,040800,1364,+37.556731,-077.484045
51,760,040900,2544,+37.554791,-077.478375
51,760,041000,2625,+37.553436,-077.468211
51,760,041100,3724,+37.549135,-077.467367
51,760,041200,1179,+37.539240,-077.451315
51,760,041300,3100,+37.539185,-077.464945
51,760,041400,2252,+37.543919,-077.469925
51,760,041600,1440,+37.546255,-077.485886
51,760,050100,2577,+37.568513,-077.486711
51,760,050200,3006,+37.570569,-077.495804
51,760,050300,1267,+37.562122,-077.497158
51,760,050400,2907,+37.572860,-077.509779
51,760,050500,5439,+37.578343,-077.533170
51,760,050600,2378,+37.558275,-077.505669
51,760,060200,2078,+37.510195,-077.442364
51,760,060400,5148,+37.510160,-077.468013
51,760,060500,5858,+37.517312,-077.475746
51,760,060600,2416,+37.522972,-077.489906
51,760,060700,5010,+37.500561,-077.442440
51,760,060800,3585,+37.482113,-077.441374
51,760,060900,1311,+37.466385,-077.444190
51,760,061000,3284,+37.521072,-077.445538
51,760,070100,4706,+37.544705,-077.574690
51,760,070300,3410,+37.537794,-077.540119
51,760,070400,3836,+37.544528,-077.525024
51,760,070601,5660,+37.497311,-077.487756
51,760,070602,2398,+37.494509,-077.476035
51,760,070700,4754,+37.489619,-077.509921
51,760,070801,7291,+37.478115,-077.494923
51,760,070802,2703,+37.470198,-077.477006
51,760,070900,6635,+37.481542,-077.463115
51,760,071001,5325,+37.511199,-077.517503
51,760,071002,3423,+37.514053,-077.503529
51,760,071100,4961,+37.524944,-077.508462
51,770,000100,3794,+37.296480,-079.987551
51,770,000300,4842,+37.307159,-079.955493
51,770,000400,4761,+37.315259,-079.942522
51,770,000500,4615,+37.296686,-079.937157
51,770,000601,4905,+37.307482,-079.919991
51,770,000602,3508,+37.291520,-079.899572
51,770,000900,5361,+37.285769,-079.994784
51,770,001000,2192,+37.273033,-079.963778
51,770,001100,1204,+37.270992,-079.946405
51,770,001200,3405,+37.263855,-079.949566
51,770,001800,3958,+37.261568,-079.968900
51,770,001900,4936,+37.265981,-079.984923
51,770,002100,3468,+37.254953,-080.018482
51,770,002200,2844,+37.286350,-080.012866
51,770,002300,6971,+37.308560,-079.996855
51,770,002400,3816,+37.289791,-079.965567
51,770,002500,5641,+37.283557,-079.951160
51,770,002600,3215,+37.272552,-079.926394
51,770,002700,5395,+37.265424,-079.924055
51,770,002800,5414,+37.245064,-079.924086
51,770,002900,5130,+37.238387,-079.954728
51,770,003000,3820,+37.246548,-079.971649
51,770,003100,3837,+37.253949,-079.992102
51,775,010100,5766,+37.300541,-080.037176
51,775,010200,6344,+37.295122,-080.077378
51,775,010300,4658,+37.281849,-080.040231
51,775,010501,3357,+37.266168,-080.048356
51,775,010502,4677,+37.274678,-080.069968
51,790,000100,1054,+38.149564,-079.074023
51,790,000200,3755,+38.148795,-079.092676
51,790,000300,5126,+38.161989,-079.093485
51,790,000400,7115,+38.170913,-079.072720
51,790,000500,2990,+38.158306,-079.061237
51,790,000600,3706,+38.137863,-079.066223
51,800,065100,2269,+36.732417,-076.567936
51,800,065200,2049,+36.738027,-076.582160
51,800,065300,3361,+36.728993,-076.592731
51,800,065400,3739,+36.720281,-076.588293
51,800,065500,2772,+36.722509,-076.570518
51,800,075101,7351,+36.881307,-076.417675
51,800,075102,4182,+36.879184,-076.453423
51,800,075201,4718,+36.845689,-076.505264
51,800,075202,1260,+36.828027,-076.475115
51,800,075203,3284,+36.846502,-076.469741
51,800,075204,4795,+36.851026,-076.448001
51,800,075301,2160,+36.902992,-076.498731
51,800,075302,2333,+36.853192,-076.568259
51,800,075401,2544,+36.760004,-076.589027
51,800,075402,3614,+36.773574,-076.573105
51,800,075403,4182,+36.779919,-076.598701
51,800,075404,935,+36.751071,-076.631901
51,800,075405,2236,+36.774442,-076.671761
51,800,075501,4711,+36.751030,-076.549664
51,800,075502,4002,+36.793506,-076.525893
51,800,075601,3574,+36.716921,-076.559837
51,800,075602,1397,+36.605460,-076.598928
51,800,075701,1684,+36.717587,-076.611243
51,800,075702,3574,+36.716437,-076.643024
51,800,075703,1551,+36.686230,-076.648063
51,800,075801,3098,+36.624486,-076.699738
51,800,075802,1755,+36.618584,-076.811121
51,800,075803,1455,+36.678945,-076.808996
51,810,040000,3976,+36.915043,-076.153080
51,810,040200,5283,+36.869275,-076.183280
51,810,040402,6995,+36.867497,-076.171653
51,810,040403,3810,+36.899737,-076.173973
51,810,040404,6718,+36.877959,-076.167674
51,810,040600,5879,+36.853785,-076.166552
51,810,040801,4107,+36.866086,-076.139312
51,810,040802,4771,+36.860804,-076.156494
51,810,041002,2043,+36.837990,-076.144833
51,810,041003,3512,+36.855197,-076.136628
51,810,041004,3963,+36.849303,-076.145939
51,810,041200,5997,+36.888911,-076.147320
51,810,041400,5145,+36.890368,-076.126343
51,810,041600,3325,+36.866363,-076.125061
51,810,041801,4334,+36.907671,-076.135736
51,810,041802,5788,+36.909177,-076.115477
51,810,042000,3502,+36.876313,-076.088842
51,810,042201,3625,+36.862411,-076.096843
51,810,042202,4468,+36.851193,-076.081513
51,810,042400,4837,+36.846808,-076.100551
51,810,042600,2488,+36.842156,-076.071419
51,810,042801,5775,+36.828216,-076.088016
51,810,042802,4549,+36.832194,-076.079286
51,810,043002,4259,+36.890608,-076.054663
51,810,043003,4228,+36.909861,-076.078881
51,810,043004,3803,+36.909881,-076.059267
51,810,043200,1134,+36.920457,-076.002746
51,810,043400,2055,+36.901748,-075.992488
51,810,043600,1724,+36.882056,-075.988897
51,810,043800,3714,+36.871328,-075.991357
51,810,044001,5535,+36.851363,-075.993824
51,810,044003,5469,+36.833410,-075.977676
51,810,044004,2069,+36.850661,-075.980706
51,810,044200,6587,+36.837330,-075.992483
51,810,044401,3628,+36.866986,-076.051820
51,810,044402,5881,+36.863975,-076.036255
51,810,044600,5999,+36.869709,-076.021359
51,810,044805,3277,+36.847296,-076.022304
51,810,044806,3758,+36.842960,-076.015300
51,810,044807,5762,+36.851132,-076.038300
51,810,044808,3986,+36.848704,-076.055447
51,810,045000,1298,+36.807979,-076.029308
51,810,045200,3734,+36.798878,-075.975939
51,810,045405,4651,+36.802144,-076.094203
51,810,045406,9254,+36.794313,-076.084926
51,810,045407,4434,+36.816166,-076.064346
51,810,045408,6415,+36.789271,-076.009932
51,810,045412,1658,+36.731700,-075.952341
51,810,045414,6161,+36.812018,-076.088626
51,810,045415,1974,+36.812740,-076.077881
51,810,045417,9169,+36.769403,-076.036757
51,810,045420,4636,+36.751121,-075.995129
51,810,045421,3656,+36.770386,-076.060357
51,810,045422,4972,+36.770638,-076.072666
51,810,045423,8805,+36.737857,-076.071811
51,810,045424,4442,+36.741973,-076.026881
51,810,045425,2976,+36.768468,-076.006036
51,810,045426,6739,+36.769759,-075.993631
51,810,045427,6281,+36.777910,-075.981490
51,810,045428,1462,+36.791903,-075.985598
51,810,045601,2795,+36.848754,-076.115136
51,810,045603,1689,+36.841535,-076.125813
51,810,045604,6335,+36.836611,-076.119619
51,810,045801,4525,+36.828823,-076.113377
51,810,045803,3202,+36.818132,-076.129456
51,810,045805,1344,+36.827013,-076.101758
51,810,045806,4086,+36.819497,-076.104849
51,810,045807,1518,+36.819512,-076.114824
51,810,045808,2330,+36.813660,-076.118994
51,810,045809,6293,+36.808653,-076.107022
51,810,045810,2067,+36.798568,-076.105141
51,810,046002,5126,+36.819053,-076.178686
51,810,046005,6605,+36.828032,-076.148529
51,810,046006,4510,+36.813200,-076.149849
51,810,046009,4932,+36.832869,-076.172586
51,810,046010,3132,+36.835868,-076.187049
51,810,046011,1515,+36.810398,-076.132690
51,810,046012,7772,+36.802251,-076.121448
51,810,046013,4397,+36.791492,-076.105875
51,810,046014,4342,+36.784033,-076.115323
51,810,046015,5403,+36.772878,-076.114003
51,810,046016,3447,+36.753253,-076.124371
51,810,046204,4639,+36.822648,-076.209968
51,810,046206,5185,+36.808564,-076.179531
51,810,046207,7044,+36.791066,-076.191167
51,810,046211,3063,+36.803890,-076.164681
51,810,046212,4062,+36.799901,-076.149206
51,810,046213,6149,+36.791509,-076.157692
51,810,046214,5208,+36.792392,-076.140128
51,810,046216,5939,+36.770405,-076.137570
51,810,046217,4354,+36.768766,-076.177393
51,810,046219,3733,+36.771912,-076.195636
51,810,046220,4683,+36.806813,-076.212814
51,810,046221,3716,+36.804918,-076.203321
51,810,046222,5424,+36.779493,-076.177970
51,810,046223,2731,+36.788615,-076.172116
51,810,046224,4446,+36.780328,-076.152104
51,810,046225,4780,+36.782531,-076.137452
51,810,046400,4998,+36.635926,-076.033475
51,810,990100,0,+36.848740,-075.972358
51,820,003100,1217,+38.069447,-078.889767
51,820,003200,5240,+38.067808,-078.876118
51,820,003300,4538,+38.080970,-078.890320
51,820,003400,5365,+38.074632,-078.905784
51,820,003500,4646,+38.065653,-078.917721
51,830,370100,4138,+37.263114,-076.712396
51,830,370200,2708,+37.281038,-076.686906
51,830,370300,7222,+37.281233,-076.723276
51,840,000100,6657,+39.186275,-078.153063
51,840,000201,3417,+39.194147,-078.171351
51,840,000202,5736,+39.174949,-078.181872
51,840,000301,5066,+39.172752,-078.165301
51,840,000302,5327,+39.151677,-078.183662
